PACE_retrievals/PACE_PAX/Twin_Otter_data/AirSHARP-MetNav-1Hz_AirSHARP-TO_20250514_R0.ict
59, 1001
Bucholtz, Anthony
Naval Postgraduate School - CIRPAS
Meteorological and Navigational (MetNav) Facility Instrumentation on the NPS Twin Otter
AirSHARP
1, 1
2025, 05, 14,     2025, 05, 23
1.0
Time_Start, sec, seconds since midnight UTC
26
1., 1., 1., 1.,1.,1.,1.,1.,1.,1.,1.,1.,1.,1.,1.,1.,1.,1.,1.,1.,1.,1.,1.,1.,1.,1.           ; primary variable scale factors
-9999., -9999., -9999.,  -9999.,  -9999.,  -9999.,  -9999.,  -9999.,  -9999.,  -9999.,  -9999.,  -9999.,  -9999.,  -9999.,  -9999.,  -9999.,  -9999.,  -9999.,  -9999.,  -9999.,  -9999.,  -9999.,  -9999.,  -9999.,  -9999.,  -9999.        ; primary variable missing values
Latitude, deg, Platform_Latitude_InSitu_None
Longitude, deg, Platform_Longitude_InSitu_None
GPS_Altitude, m, Platform_AlitudeGeoid_InSitu_None, from CMIGITS nav system
Pressure_Altitude, m, Platform_AltitudePressure_InSitu_None
Radar_Altitude, m, Platform_AltitudeAGL_InSitu_None, only accurate below ~610 m
Pitch_Angle, deg +-180, Platform_PitchAngle_InSitu_None, nose up positive
Roll_Angle, deg +-180, Platform_RollAngle_InSitu_None, right wing down positive
True_Heading, deg 0-360, Platform_HeadingTrue_InSitu_None, cw from North
True_Air_Speed, m.s-1, Platform_AircraftTrueAirSpeed_InSitu_None
East_Vel_Aircraft, m.s-1, Platform_AircraftEastVelocity_InSitu_None, positive to the East, negative to the West
North_Vel_Aircraft, m.s-1, Platform_AircraftNorthVelocity_InSitu_None, positive to the North, negative to the South
Up_Vel_Aircraft, m.s-1, Platform_AircraftUpVelocity_InSitu_None, positive upward
Press_Ambient, mbar, Met_StaticPressure_InSitu_None
Temp_Ambient, degC, Met_StaticAirTemperature_InSitu_None
Temp_DewPoint, degC, Met_DewPoint_InSitu_None
Relative_Humidity_Ambient, per cent, Met_RelativeHumidityWater_InSitu_None
Potential_Temp,K, Met_PotentialTemperature_InSitu_None, Theta
Equivalent_Potential_Temp,K, Met_EquivalentPotentialTemperature_InSitu_None, Thetae
Virtual_Potential_Temp,K, Met_VirtualPotentialTemperature_InSitu_None
Virtual_Temp,degC, Met_VirtualTemperature_InSitu_None
Wind_Speed, m.s-1, Met_WindSpeed_InSitu_None
Wind_Direction, deg 0-360, Met_WindDirection_InSitu_None, cw from North
Vert_WindSpeed, m.s-1, Met_WWindSpeed_InSitu_None
H2OMR, g/kg, Met_H2OMR_InSitu_None, Water vapor mixing ratio
SPHum, g/kg, Met_SpecificHumidity_InSitu_None, Specific humidity
IRT_Nad, degC, Met_SurfaceTemperature_InSitu_AMB, Surface temperature from downlooking Heitronics KT-19
0
19
PI_CONTACT_INFO: phone: 831-384-2776 Address: 3200 Imjin Rd., Suite A, Marina, CA 93933, email: anthony.bucholtz@nps.edu
PLATFORM: NPS CIRPAS Twin Otter Aircraft
LOCATION: Included in data records
ASSOCIATED_DATA: N/A
INSTRUMENT_INFO: Meteorological and Navigational measurements from the NPS CIRPAS facility instruments
DATA_INFO:
UNCERTAINTY: Varies
ULOD_FLAG: -7777
ULOD_VALUE: N/A
LLOD_FLAG: -8888
LLOD_VALUE: N/A
DM_CONTACT_INFO: Same as PI above
PROJECT_INFO: AirSHARP experiment out of Marina, CA, Oct 2024
STIPULATIONS_ON_USE: Please consult with the PI prior to use of these data, and offer co-authorship for data products that are utilized in research.
OTHER_COMMENTS:
REVISION: R0
R0: QCed MetNav parameters.

Time_Start,  Latitude,  Longitude,  GPS_Altitude,  Pressure_Altitude,  Radar_Altitude,  Pitch_Angle,  Roll_Angle,  True_Heading,  True_Air_Speed,  East_Vel_Aircraft,  North_Vel_Aircraft,  Up_Vel_Aircraft,  Press_Ambient,  Temp_Ambient,  Temp_DewPoint,  Relative_Humidity_Ambient,  Potential_Temp,  Equivalent_Potential_Temp,  Virtual_Potential_Temp,  Virtual_Temp,  Wind_Speed,  Wind_Direction,  Vert_WindSpeed,  H2OMR,  SPHum,  IRT_Nad
[from data line 9201]
 76326,  36.679462, -122.048370,     46.015,     -5.238,     42.716,     -1.909,      2.229,     44.356,     53.045,     42.435,     34.142,     -0.773,   1013.900,     11.541,      9.693,     88.333,    283.580,    304.610,    284.870,     12.840,      6.519,    305.140,      0.042,      7.562,      7.505,     12.150
 76327,  36.679768, -122.047900,     45.296,     -4.761,     43.709,     -1.719,      1.903,     44.550,     52.529,     42.805,     33.951,     -0.667,   1013.800,     11.447,      9.678,     88.798,    283.490,    304.500,    284.780,     12.744,      6.993,    300.470,     -0.198,      7.555,      7.498,     12.158
 76328,  36.680073, -122.047420,     44.667,     -5.590,     43.952,     -1.768,      1.883,     44.950,     52.698,     43.090,     33.793,     -0.696,   1013.900,     11.417,      9.567,     88.301,    283.450,    304.300,    284.740,     12.704,      6.998,    301.130,      0.224,      7.497,      7.441,     12.225
 76329,  36.680378, -122.046940,     43.911,     -5.283,     44.062,     -1.884,      2.147,     45.160,     53.132,     43.412,     33.646,     -0.779,   1013.900,     11.421,      9.534,     88.087,    283.460,    304.270,    284.740,     12.706,      6.854,    303.470,      0.179,      7.480,      7.425,     12.158
 76330,  36.680679, -122.046450,     43.405,     -5.305,     43.772,     -1.667,      1.993,     45.420,     52.934,     43.697,     33.508,     -0.358,   1013.900,     11.391,      9.525,     88.206,    283.430,    304.220,    284.710,     12.674,      6.827,    300.860,      0.375,      7.475,      7.420,     12.183
 76331,  36.680981, -122.045960,     42.991,     -5.622,     43.547,     -1.854,      1.300,     45.817,     53.238,     43.904,     33.372,     -0.458,   1013.900,     11.390,      9.504,     88.090,    283.430,    304.180,    284.700,     12.671,      6.676,    302.660,      0.712,      7.464,      7.409,     12.107
 76332,  36.681282, -122.045460,     42.452,     -5.935,     44.146,     -2.186,      0.304,     46.162,     53.364,     44.067,     33.354,     -0.592,   1014.000,     11.483,      9.555,     87.852,    283.520,    304.350,    284.800,     12.769,      6.859,    303.190,      0.595,      7.491,      7.435,     12.207
 76333,  36.681583, -122.044970,     41.686,     -4.723,     44.358,     -1.799,     -0.783,     46.621,     53.467,     44.086,     33.496,     -0.686,   1013.800,     11.578,      9.590,     87.508,    283.620,    304.520,    284.910,     12.867,      5.996,    301.210,      0.294,      7.509,      7.453,     12.181
 76334,  36.681889, -122.044480,     41.186,     -3.918,     44.322,     -1.364,      0.689,     46.322,     53.307,     44.117,     33.525,     -0.295,   1013.700,     11.568,      9.593,     87.575,    283.620,    304.520,    284.910,     12.858,      6.164,    299.710,      0.144,      7.512,      7.456,     12.189
 76335,  36.682190, -122.043980,     41.000,     -3.518,     44.847,     -1.574,      0.502,     45.850,     53.229,     44.243,     33.456,     -0.220,   1013.700,     11.394,      9.595,     88.608,    283.450,    304.340,    284.740,     12.684,      7.181,    301.140,      0.072,      7.513,      7.457,     12.235
 76336,  36.682491, -122.043490,     40.663,     -3.446,     45.505,     -1.552,     -1.134,     46.254,     53.399,     44.256,     33.529,     -0.375,   1013.700,     11.424,      9.554,     88.186,    283.480,    304.320,    284.760,     12.710,      6.676,    300.840,      0.564,      7.492,      7.436,     12.205
 76337,  36.682796, -122.042990,     40.354,     -1.798,     45.445,     -1.422,     -1.844,     46.404,     52.933,     44.062,     33.775,     -0.062,   1013.500,     11.342,      9.549,     88.637,    283.420,    304.240,    284.700,     12.628,      6.034,    294.250,      0.339,      7.491,      7.435,     12.232
 76338,  36.683102, -122.042500,     40.476,     -1.553,     45.706,     -1.447,     -1.458,     45.959,     53.088,     43.872,     33.970,      0.088,   1013.400,     11.390,      9.488,     87.990,    283.470,    304.220,    284.740,     12.671,      5.955,    295.660,      0.589,      7.460,      7.404,     12.318
 76339,  36.683407, -122.042020,     40.516,     -2.455,     46.967,     -1.173,     -1.242,     45.201,     52.433,     43.723,     34.086,     -0.073,   1013.500,     11.362,      9.519,     88.344,    283.430,    304.220,    284.710,     12.645,      7.576,    294.980,     -0.040,      7.475,      7.420,     12.316
 76340,  36.683716, -122.041530,     40.440,     -2.727,     46.808,     -1.025,     -2.044,     44.735,     52.809,     43.490,     34.258,      0.015,   1013.600,     11.371,      9.513,     88.258,    283.440,    304.220,    284.710,     12.654,      7.406,    297.940,      0.283,      7.472,      7.417,     12.273
 76341,  36.684025, -122.041040,     40.370,     -1.424,     46.376,     -1.021,     -2.273,     44.635,     52.900,     43.164,     34.503,     -0.042,   1013.400,     11.368,      9.479,     88.075,    283.450,    304.180,    284.720,     12.648,      6.340,    296.360,      0.198,      7.456,      7.400,     12.192
 76342,  36.684338, -122.040560,     40.453,     -1.825,     46.273,     -0.969,     -1.564,     44.598,     52.708,     42.844,     34.745,      0.301,   1013.500,     11.356,      9.450,     87.963,    283.430,    304.120,    284.700,     12.633,      6.229,    294.660,      0.367,      7.440,      7.385,     12.277
 76343,  36.684650, -122.040080,     40.717,     -3.306,     46.241,     -1.105,     -0.927,     44.401,     52.859,     42.661,     34.851,      0.227,   1013.600,     11.438,      9.438,     87.421,    283.500,    304.180,    284.770,     12.714,      7.182,    299.060,      0.075,      7.433,      7.378,     12.138
 76344,  36.684963, -122.039600,     40.782,     -3.026,     45.585,     -1.295,     -0.984,     44.008,     52.927,     42.528,     34.956,      0.087,   1013.600,     11.334,      9.376,     87.656,    283.400,    303.980,    284.660,     12.604,      6.547,    298.360,      0.500,      7.401,      7.347,     12.296
 76345,  36.685280, -122.039120,     40.785,     -2.649,     44.956,     -1.362,     -1.502,     43.950,     53.508,     42.347,     35.130,     -0.129,   1013.600,     11.364,      9.380,     87.503,    283.430,    304.030,    284.700,     12.635,      5.383,    301.210,      0.664,      7.404,      7.349,     12.269
 76346,  36.685600, -122.038650,     40.730,     -4.204,     44.969,     -1.062,     -0.131,     43.746,     53.113,     42.195,     35.238,     -0.038,   1013.800,     11.350,      9.399,     87.698,    283.400,    304.020,    284.670,     12.622,      6.507,    300.190,      0.184,      7.412,      7.358,     12.256
 76347,  36.685917, -122.038180,     40.835,     -3.997,     45.557,     -1.046,     -0.047,     43.326,     53.037,     42.165,     35.225,      0.196,   1013.700,     11.402,      9.445,     87.677,    283.450,    304.140,    284.730,     12.678,      7.267,    301.280,      0.064,      7.436,      7.381,     12.349
 76348,  36.686234, -122.037710,     40.932,     -2.396,     45.421,     -1.046,      0.116,     43.145,     53.457,     42.123,     35.208,      0.114,   1013.500,     11.422,      9.409,     87.341,    283.490,    304.130,    284.760,     12.696,      6.093,    303.310,      0.121,      7.419,      7.364,     12.249
 76349,  36.686550, -122.037240,     40.988,     -3.150,     45.318,     -1.076,      1.033,     43.257,     53.577,     42.171,     35.123,      0.023,   1013.600,     11.373,      9.443,     87.827,    283.430,    304.120,    284.700,     12.649,      6.436,    305.170,      0.025,      7.435,      7.380,     12.324
 76350,  36.686867, -122.036770,     41.047,     -5.038,     45.065,     -1.117,      1.559,     43.491,     52.985,     42.328,     34.941,      0.012,   1013.900,     11.406,      9.461,     87.745,    283.450,    304.150,    284.720,     12.683,      7.715,    302.230,     -0.230,      7.443,      7.388,     12.367
 76351,  36.687180, -122.036290,     41.096,     -4.552,     44.527,     -1.232,      1.142,     43.691,     53.607,     42.504,     34.762,     -0.083,   1013.800,     11.418,      9.408,     87.361,    283.460,    304.100,    284.730,     12.691,      7.015,    306.410,      0.050,      7.417,      7.362,     12.319
 76352,  36.687492, -122.035820,     40.919,     -5.170,     43.854,     -1.355,      0.763,     44.144,     53.648,     42.614,     34.669,     -0.271,   1013.900,     11.443,      9.414,     87.248,    283.480,    304.130,    284.750,     12.717,      6.418,    305.980,      0.014,      7.419,      7.364,     12.192
 76353,  36.687805, -122.035340,     40.477,     -5.707,     43.159,     -1.342,      0.361,     44.757,     53.407,     42.711,     34.616,     -0.462,   1013.900,     11.383,      9.365,     87.306,    283.420,    303.990,    284.680,     12.652,      6.024,    302.790,     -0.135,      7.394,      7.340,     12.257
 76354,  36.688118, -122.034860,     40.019,     -6.155,     42.653,     -1.394,     -0.133,     44.930,     53.357,     42.778,     34.637,     -0.369,   1014.000,     11.284,      9.397,     88.072,    283.320,    303.920,    284.580,     12.556,      5.715,    300.980,     -0.090,      7.410,      7.355,     12.179
 76355,  36.688431, -122.034390,     39.649,     -6.538,     41.332,     -1.545,     -0.463,     44.705,     54.059,     42.818,     34.725,     -0.313,   1014.000,     11.333,      9.385,     87.711,    283.360,    303.950,    284.630,     12.604,      5.259,    306.540,      0.520,      7.403,      7.348,     12.221
 76356,  36.688744, -122.033910,     39.648,     -7.467,     40.772,     -1.355,     -0.431,     44.525,     53.914,     42.820,     34.836,     -0.001,   1014.100,     11.301,      9.361,     87.757,    283.320,    303.870,    284.580,     12.569,      5.916,    305.310,      0.073,      7.390,      7.336,     12.087
 76357,  36.689053, -122.033420,     39.837,     -7.249,     40.899,     -0.943,     -0.319,     44.514,     54.318,     42.776,     34.850,      0.070,   1014.100,     11.334,      9.358,     87.549,    283.360,    303.910,    284.620,     12.602,      5.440,    308.960,     -0.102,      7.389,      7.335,     12.287
 76358,  36.689369, -122.032940,     40.122,     -8.667,     40.761,     -0.947,      0.261,     44.399,     54.105,     42.747,     34.798,      0.397,   1014.300,     11.463,      9.409,     87.105,    283.470,    304.100,    284.740,     12.736,      6.117,    308.110,     -0.121,      7.413,      7.359,     12.248
 76359,  36.689682, -122.032460,     40.512,    -10.067,     39.988,     -1.015,      0.579,     44.416,     54.159,     42.751,     34.741,      0.425,   1014.500,     11.395,      9.397,     87.426,    283.390,    303.990,    284.660,     12.666,      6.473,    309.300,      0.479,      7.406,      7.352,     12.168
 76360,  36.689995, -122.031990,     40.766,     -9.365,     39.803,     -1.135,      1.175,     44.468,     54.063,     42.873,     34.591,      0.157,   1014.400,     11.306,      9.399,     87.962,    283.310,    303.900,    284.570,     12.577,      5.965,    308.120,      0.268,      7.408,      7.353,     12.252
 76361,  36.690304, -122.031510,     40.698,     -9.090,     39.376,     -1.062,      1.368,     44.793,     54.009,     43.052,     34.419,      0.001,   1014.300,     11.305,      9.353,     87.690,    283.310,    303.840,    284.570,     12.572,      5.831,    307.400,     -0.204,      7.385,      7.330,     12.232
 76362,  36.690617, -122.031020,     40.663,    -10.656,     38.108,     -0.912,      1.322,     45.129,     54.127,     43.212,     34.259,      0.135,   1014.500,     11.328,      9.316,     87.336,    283.320,    303.800,    284.580,     12.592,      6.224,    309.000,      0.060,      7.364,      7.311,     12.205
 76363,  36.690926, -122.030540,     40.630,    -10.627,     38.099,     -1.026,      0.997,     45.681,     54.518,     43.357,     34.089,      0.005,   1014.500,     11.367,      9.287,     86.942,    283.360,    303.800,    284.610,     12.629,      5.997,    312.620,     -0.139,      7.350,      7.296,     12.319
 76364,  36.691231, -122.030050,     40.485,    -10.242,     38.783,     -1.265,      0.481,     45.700,     54.156,     43.475,     34.013,     -0.076,   1014.500,     11.428,      9.388,     87.178,    283.420,    304.010,    284.690,     12.699,      6.133,    309.000,     -0.266,      7.401,      7.347,     12.218
 76365,  36.691540, -122.029560,     40.419,     -9.741,     38.491,     -1.288,     -0.329,     45.475,     54.046,     43.492,     34.085,      0.149,   1014.400,     11.264,      9.303,     87.630,    283.260,    303.720,    284.520,     12.526,      5.892,    307.030,      0.382,      7.358,      7.305,     12.279
 76366,  36.691849, -122.029080,     40.661,    -10.045,     38.273,     -1.204,     -0.582,     45.893,     53.995,     43.453,     34.143,      0.158,   1014.500,     11.424,      9.252,     86.398,    283.420,    303.820,    284.670,     12.683,      5.518,    305.780,      0.162,      7.332,      7.279,     12.404
 76367,  36.692154, -122.028590,     40.706,    -10.071,     38.155,     -0.837,     -0.653,     46.104,     54.372,     43.386,     34.150,     -0.048,   1014.500,     11.432,      9.255,     86.371,    283.430,    303.840,    284.680,     12.691,      5.171,    309.750,     -0.129,      7.334,      7.280,     12.378
 76368,  36.692463, -122.028110,     40.623,    -10.086,     37.796,     -0.798,     -0.923,     45.816,     53.976,     43.307,     34.141,     -0.063,   1014.500,     11.480,      9.334,     86.555,    283.470,    303.990,    284.730,     12.746,      5.627,    306.930,     -0.465,      7.374,      7.320,     12.352
 76369,  36.692768, -122.027630,     40.686,     -9.325,     38.212,     -0.952,     -1.175,     45.452,     53.774,     43.194,     34.189,     -0.036,   1014.400,     11.380,      9.388,     87.457,    283.380,    303.970,    284.650,     12.651,      5.837,    305.700,     -0.199,      7.402,      7.348,     12.395
 76370,  36.693081, -122.027140,     40.634,     -8.872,     38.118,     -1.026,     -1.282,     45.312,     54.175,     43.049,     34.306,     -0.077,   1014.300,     11.385,      9.351,     87.210,    283.390,    303.930,    284.650,     12.653,      5.559,    309.580,     -0.456,      7.384,      7.330,     12.306
 76371,  36.693390, -122.026660,     40.510,     -9.622,     37.624,     -0.965,     -0.707,     45.263,     54.047,     42.941,     34.415,     -0.114,   1014.400,     11.406,      9.342,     87.033,    283.400,    303.930,    284.670,     12.673,      5.857,    308.550,     -0.338,      7.378,      7.324,     12.240
 76372,  36.693699, -122.026180,     40.479,     -9.646,     37.385,     -0.627,     -0.028,     45.157,     54.105,     42.900,     34.399,      0.103,   1014.400,     11.444,      9.308,     86.613,    283.440,    303.930,    284.700,     12.708,      5.552,    309.230,     -0.128,      7.361,      7.308,     12.288
 76373,  36.694008, -122.025700,     40.749,     -9.323,     38.003,     -0.344,      0.301,     44.988,     53.828,     42.862,     34.314,      0.558,   1014.400,     11.292,      9.358,     87.793,    283.290,    303.830,    284.560,     12.560,      5.963,    307.800,     -0.217,      7.387,      7.333,     12.318
 76374,  36.694321, -122.025220,     41.344,     -9.285,     38.215,     -0.411,     -0.345,     45.284,     53.762,     42.804,     34.215,      0.630,   1014.400,     11.319,      9.252,     87.008,    283.320,    303.720,    284.570,     12.577,      5.638,    307.820,     -0.108,      7.333,      7.280,     12.302
