PACE_retrievals/PACE_PAX/Twin_Otter_data/AirSHARP-MetNav-1Hz_AirSHARP-TO_20250514_R0.ict
59, 1001
Bucholtz, Anthony
Naval Postgraduate School - CIRPAS
Meteorological and Navigational (MetNav) Facility Instrumentation on the NPS Twin Otter
AirSHARP
1, 1
2025, 05, 14,     2025, 05, 23
1.0
Time_Start, sec, seconds since midnight UTC
26
1., 1., 1., 1.,1.,1.,1.,1.,1.,1.,1.,1.,1.,1.,1.,1.,1.,1.,1.,1.,1.,1.,1.,1.,1.,1.           ; primary variable scale factors
-9999., -9999., -9999.,  -9999.,  -9999.,  -9999.,  -9999.,  -9999.,  -9999.,  -9999.,  -9999.,  -9999.,  -9999.,  -9999.,  -9999.,  -9999.,  -9999.,  -9999.,  -9999.,  -9999.,  -9999.,  -9999.,  -9999.,  -9999.,  -9999.,  -9999.        ; primary variable missing values
Latitude, deg, Platform_Latitude_InSitu_None
Longitude, deg, Platform_Longitude_InSitu_None
GPS_Altitude, m, Platform_AlitudeGeoid_InSitu_None, from CMIGITS nav system
Pressure_Altitude, m, Platform_AltitudePressure_InSitu_None
Radar_Altitude, m, Platform_AltitudeAGL_InSitu_None, only accurate below ~610 m
Pitch_Angle, deg +-180, Platform_PitchAngle_InSitu_None, nose up positive
Roll_Angle, deg +-180, Platform_RollAngle_InSitu_None, right wing down positive
True_Heading, deg 0-360, Platform_HeadingTrue_InSitu_None, cw from North
True_Air_Speed, m.s-1, Platform_AircraftTrueAirSpeed_InSitu_None
East_Vel_Aircraft, m.s-1, Platform_AircraftEastVelocity_InSitu_None, positive to the East, negative to the West
North_Vel_Aircraft, m.s-1, Platform_AircraftNorthVelocity_InSitu_None, positive to the North, negative to the South
Up_Vel_Aircraft, m.s-1, Platform_AircraftUpVelocity_InSitu_None, positive upward
Press_Ambient, mbar, Met_StaticPressure_InSitu_None
Temp_Ambient, degC, Met_StaticAirTemperature_InSitu_None
Temp_DewPoint, degC, Met_DewPoint_InSitu_None
Relative_Humidity_Ambient, per cent, Met_RelativeHumidityWater_InSitu_None
Potential_Temp,K, Met_PotentialTemperature_InSitu_None, Theta
Equivalent_Potential_Temp,K, Met_EquivalentPotentialTemperature_InSitu_None, Thetae
Virtual_Potential_Temp,K, Met_VirtualPotentialTemperature_InSitu_None
Virtual_Temp,degC, Met_VirtualTemperature_InSitu_None
Wind_Speed, m.s-1, Met_WindSpeed_InSitu_None
Wind_Direction, deg 0-360, Met_WindDirection_InSitu_None, cw from North
Vert_WindSpeed, m.s-1, Met_WWindSpeed_InSitu_None
H2OMR, g/kg, Met_H2OMR_InSitu_None, Water vapor mixing ratio
SPHum, g/kg, Met_SpecificHumidity_InSitu_None, Specific humidity
IRT_Nad, degC, Met_SurfaceTemperature_InSitu_AMB, Surface temperature from downlooking Heitronics KT-19
0
19
PI_CONTACT_INFO: phone: 831-384-2776 Address: 3200 Imjin Rd., Suite A, Marina, CA 93933, email: anthony.bucholtz@nps.edu
PLATFORM: NPS CIRPAS Twin Otter Aircraft
LOCATION: Included in data records
ASSOCIATED_DATA: N/A
INSTRUMENT_INFO: Meteorological and Navigational measurements from the NPS CIRPAS facility instruments
DATA_INFO:
UNCERTAINTY: Varies
ULOD_FLAG: -7777
ULOD_VALUE: N/A
LLOD_FLAG: -8888
LLOD_VALUE: N/A
DM_CONTACT_INFO: Same as PI above
PROJECT_INFO: AirSHARP experiment out of Marina, CA, Oct 2024
STIPULATIONS_ON_USE: Please consult with the PI prior to use of these data, and offer co-authorship for data products that are utilized in research.
OTHER_COMMENTS:
REVISION: R0
R0: QCed MetNav parameters.

Time_Start,  Latitude,  Longitude,  GPS_Altitude,  Pressure_Altitude,  Radar_Altitude,  Pitch_Angle,  Roll_Angle,  True_Heading,  True_Air_Speed,  East_Vel_Aircraft,  North_Vel_Aircraft,  Up_Vel_Aircraft,  Press_Ambient,  Temp_Ambient,  Temp_DewPoint,  Relative_Humidity_Ambient,  Potential_Temp,  Equivalent_Potential_Temp,  Virtual_Potential_Temp,  Virtual_Temp,  Wind_Speed,  Wind_Direction,  Vert_WindSpeed,  H2OMR,  SPHum,  IRT_Nad
[from data line 6201]
 73326,  36.882828, -121.928850,     47.855,     -7.146,     39.390,     -0.740,      0.131,     10.115,     52.459,     14.210,     49.050,     -0.119,   1014.100,     11.377,      8.978,     85.070,    283.400,    303.450,    284.630,     12.613,      5.615,    297.450,      0.047,      7.198,      7.147,     13.147
 73327,  36.883270, -121.928690,     47.492,     -7.168,     39.783,     -0.385,     -0.399,     10.401,     52.095,     14.142,     49.104,     -0.408,   1014.100,     11.404,      8.902,     84.482,    283.430,    303.370,    284.650,     12.633,      5.353,    293.840,     -0.325,      7.161,      7.110,     13.153
 73328,  36.883713, -121.928540,     47.130,     -7.513,     39.869,      0.025,     -0.178,     10.709,     52.487,     14.035,     49.133,     -0.246,   1014.200,     11.417,      8.903,     84.414,    283.430,    303.390,    284.660,     12.646,      4.793,    300.320,     -0.267,      7.161,      7.110,     13.200
 73329,  36.884155, -121.928380,     47.228,     -6.927,     40.007,     -0.041,      0.437,     10.416,     52.660,     14.067,     49.134,      0.375,   1014.100,     11.330,      8.962,     85.242,    283.350,    303.380,    284.580,     12.565,      5.030,    301.290,     -0.015,      7.190,      7.139,     13.091
 73330,  36.884598, -121.928220,     47.727,     -7.616,     40.114,     -0.409,      0.649,     10.091,     52.427,     14.138,     49.112,      0.286,   1014.200,     11.498,      8.953,     84.246,    283.510,    303.540,    284.740,     12.732,      5.440,    297.150,      0.699,      7.186,      7.134,     13.054
 73331,  36.885040, -121.928060,     47.923,     -8.082,     40.148,     -0.435,      0.983,     10.177,     52.391,     14.244,     49.105,     -0.087,   1014.200,     11.573,      9.025,     84.238,    283.580,    303.710,    284.820,     12.813,      5.968,    295.180,      0.043,      7.221,      7.169,     13.202
 73332,  36.885483, -121.927900,     47.703,     -8.292,     40.198,     -0.522,      0.516,     10.929,     52.590,     14.383,     49.120,     -0.389,   1014.200,     11.349,      9.102,     85.957,    283.360,    303.570,    284.600,     12.595,      5.551,    298.090,     -0.083,      7.259,      7.207,     13.340
 73333,  36.885925, -121.927740,     47.202,     -6.438,     40.754,     -0.861,     -0.071,     11.297,     52.621,     14.479,     49.177,     -0.715,   1014.000,     11.361,      8.983,     85.193,    283.390,    303.440,    284.620,     12.598,      4.500,    301.620,     -0.175,      7.202,      7.150,     13.391
 73334,  36.886368, -121.927580,     46.538,     -6.390,     40.907,     -1.085,     -1.003,     10.841,     52.540,     14.470,     49.327,     -0.657,   1014.000,     11.332,      8.946,     85.141,    283.360,    303.360,    284.590,     12.565,      4.601,    298.180,      0.128,      7.183,      7.132,     13.266
 73335,  36.886810, -121.927410,     46.047,     -6.535,     41.254,     -0.787,     -1.456,     10.200,     52.272,     14.274,     49.536,     -0.343,   1014.000,     11.373,      8.942,     84.889,    283.400,    303.400,    284.630,     12.606,      5.239,    291.090,      0.388,      7.181,      7.130,     13.102
 73336,  36.887260, -121.927250,     45.808,     -6.825,     41.176,     -0.488,     -0.941,      9.924,     51.982,     14.031,     49.637,     -0.307,   1014.100,     11.385,      8.919,     84.689,    283.410,    303.380,    284.640,     12.616,      5.569,    286.780,      0.113,      7.170,      7.119,     13.336
 73337,  36.887707, -121.927090,     45.585,     -5.674,     41.674,     -0.356,     -0.215,      9.607,     52.241,     13.887,     49.696,     -0.199,   1013.900,     11.428,      8.880,     84.220,    283.460,    303.390,    284.690,     12.657,      5.406,    289.470,      0.054,      7.151,      7.101,     13.075
 73338,  36.888157, -121.926940,     45.627,     -4.726,     42.342,     -0.508,      0.361,      9.724,     52.240,     13.864,     49.748,      0.153,   1013.800,     11.576,      8.986,     83.999,    283.620,    303.700,    284.850,     12.814,      4.608,    290.400,      0.578,      7.205,      7.153,     13.231
 73339,  36.888603, -121.926790,     45.730,     -4.937,     42.810,     -0.824,      0.076,     10.240,     52.604,     13.903,     49.770,     -0.187,   1013.800,     11.440,      9.148,     85.701,    283.480,    303.770,    284.730,     12.691,      4.628,    294.660,      0.332,      7.285,      7.232,     13.427
 73340,  36.889050, -121.926630,     45.323,     -6.034,     42.479,     -1.004,     -0.021,     10.380,     52.426,     13.953,     49.806,     -0.496,   1014.000,     11.381,      9.156,     86.081,    283.410,    303.700,    284.660,     12.633,      4.868,    291.140,      0.363,      7.288,      7.235,     13.405
 73341,  36.889500, -121.926480,     44.592,     -5.457,     42.698,     -1.862,     -0.378,      9.686,     52.453,     13.965,     49.949,     -0.900,   1013.900,     11.386,      9.066,     85.526,    283.420,    303.590,    284.660,     12.630,      5.493,    288.530,      0.572,      7.243,      7.191,     13.498
 73342,  36.889954, -121.926320,     43.824,     -4.890,     42.496,     -2.152,     -0.691,      9.495,     52.355,     13.896,     50.216,     -0.947,   1013.800,     11.342,      8.969,     85.214,    283.390,    303.420,    284.620,     12.578,      5.307,    284.940,      0.634,      7.196,      7.144,     13.465
 73343,  36.890408, -121.926160,     42.856,     -4.768,     42.238,     -1.496,     -0.439,      9.483,     52.173,     13.797,     50.414,     -1.141,   1013.800,     11.347,      8.939,     85.020,    283.390,    303.390,    284.620,     12.580,      5.055,    281.260,      0.124,      7.181,      7.130,     13.712
 73344,  36.890862, -121.926000,     41.834,     -6.200,     41.418,     -0.930,      0.219,      9.407,     51.611,     13.756,     50.505,     -0.834,   1014.000,     11.346,      8.893,     84.756,    283.380,    303.310,    284.600,     12.575,      5.714,    274.590,      0.319,      7.157,      7.106,     13.786
 73345,  36.891319, -121.925850,     41.150,     -5.466,     41.339,     -0.529,      0.069,      9.627,     52.257,     13.792,     50.534,     -0.531,   1013.900,     11.434,      8.894,     84.270,    283.470,    303.420,    284.700,     12.663,      5.402,    281.090,     -0.071,      7.158,      7.107,     13.683
 73346,  36.891773, -121.925700,     40.905,     -4.170,     41.631,     -0.560,     -0.339,      9.922,     52.688,     13.753,     50.548,     -0.101,   1013.800,     11.342,      8.941,     85.057,    283.390,    303.400,    284.620,     12.575,      4.380,    286.740,     -0.057,      7.183,      7.131,     13.426
 73347,  36.892227, -121.925540,     40.908,     -3.877,     41.954,     -0.995,      0.395,      9.488,     52.309,     13.760,     50.578,     -0.064,   1013.700,     11.381,      8.937,     84.812,    283.430,    303.440,    284.660,     12.614,      4.707,    281.250,      0.473,      7.181,      7.130,     13.534
 73348,  36.892685, -121.925390,     40.649,     -5.107,     42.080,     -0.508,      1.031,      9.174,     52.099,     13.865,     50.573,     -0.164,   1013.900,     11.529,      8.931,     83.950,    283.570,    303.580,    284.800,     12.762,      5.616,    278.790,      0.634,      7.177,      7.126,     13.587
 73349,  36.893139, -121.925230,     40.433,     -4.530,     42.459,     -0.207,      0.632,      9.621,     52.218,     13.957,     50.511,      0.012,   1013.800,     11.371,      9.107,     85.855,    283.420,    303.640,    284.660,     12.619,      5.337,    280.550,      0.093,      7.265,      7.213,     13.466
 73350,  36.893593, -121.925080,     40.652,     -4.136,     42.945,     -0.305,      0.287,     10.340,     52.649,     14.020,     50.455,      0.357,   1013.700,     11.330,      9.009,     85.524,    283.380,    303.470,    284.610,     12.569,      4.455,    286.790,      0.208,      7.216,      7.165,     13.378
 73351,  36.894047, -121.924920,     41.028,     -3.726,     42.708,     -0.622,      0.099,     10.267,     52.529,     14.072,     50.425,      0.347,   1013.700,     11.389,      8.971,     84.958,    283.440,    303.490,    284.680,     12.625,      4.402,    285.520,      0.442,      7.198,      7.146,     13.217
 73352,  36.894501, -121.924760,     41.262,     -5.006,     42.370,     -0.663,     -0.055,      9.852,     52.205,     14.056,     50.425,      0.180,   1013.900,     11.401,      8.977,     84.930,    283.440,    303.500,    284.680,     12.637,      5.147,    281.140,      0.711,      7.200,      7.148,     13.307
 73353,  36.894958, -121.924610,     41.210,     -5.370,     41.864,     -0.332,      0.128,      9.983,     52.202,     14.024,     50.398,     -0.136,   1013.900,     11.526,      8.940,     84.010,    283.560,    303.580,    284.790,     12.760,      5.175,    281.390,      0.776,      7.181,      7.130,     13.502
 73354,  36.895409, -121.924450,     41.018,     -4.663,     42.540,     -0.232,      0.351,     10.183,     52.498,     14.037,     50.328,     -0.084,   1013.800,     11.379,      9.040,     85.421,    283.420,    303.560,    284.660,     12.620,      4.909,    285.850,     -0.269,      7.231,      7.179,     13.603
 73355,  36.895863, -121.924290,     40.969,     -3.457,     42.890,     -0.107,      0.344,     10.218,     52.465,     14.056,     50.248,      0.167,   1013.700,     11.372,      9.031,     85.411,    283.430,    303.560,    284.670,     12.613,      4.405,    286.970,     -0.280,      7.228,      7.176,     13.731
 73356,  36.896317, -121.924130,     41.202,     -4.223,     43.247,     -0.075,      0.865,     10.357,     51.985,     14.128,     50.168,      0.327,   1013.800,     11.384,      9.070,     85.565,    283.430,    303.610,    284.670,     12.628,      4.646,    281.560,      0.116,      7.246,      7.194,     13.787
 73357,  36.896767, -121.923970,     41.392,     -5.103,     43.080,     -0.170,      0.126,     10.627,     51.925,     14.223,     50.083,      0.092,   1013.900,     11.372,      9.036,     85.434,    283.410,    303.540,    284.650,     12.614,      5.010,    281.520,     -0.090,      7.229,      7.177,     13.674
 73358,  36.897217, -121.923810,     41.402,     -6.611,     42.901,     -0.240,     -0.369,     10.580,     51.941,     14.201,     50.026,     -0.021,   1014.000,     11.376,      8.970,     85.026,    283.400,    303.440,    284.630,     12.612,      5.291,    282.280,      0.220,      7.195,      7.143,     13.656
 73359,  36.897667, -121.923650,     41.350,     -5.897,     42.002,     -0.790,     -0.374,     10.092,     52.353,     14.168,     50.047,     -0.241,   1014.000,     11.406,      8.982,     84.927,    283.440,    303.500,    284.670,     12.643,      4.985,    286.880,      0.473,      7.201,      7.150,     13.655
 73360,  36.898117, -121.923490,     41.156,     -6.450,     41.343,     -0.681,     -0.780,      9.910,     52.405,     14.057,     50.134,     -0.278,   1014.000,     11.470,      8.978,     84.545,    283.500,    303.560,    284.730,     12.706,      5.144,    286.560,      0.121,      7.199,      7.147,     13.686
 73361,  36.898567, -121.923340,     41.004,     -6.381,     40.634,     -0.252,     -0.058,      9.976,     52.483,     13.946,     50.147,     -0.126,   1014.000,     11.444,      9.033,     85.011,    283.470,    303.600,    284.710,     12.685,      4.780,    288.130,      0.071,      7.226,      7.175,     13.767
 73362,  36.899021, -121.923180,     41.210,     -6.738,     40.186,     -0.164,      0.270,      9.450,     52.445,     14.015,     50.127,      0.496,   1014.100,     11.514,      9.071,     84.831,    283.540,    303.720,    284.780,     12.758,      5.170,    287.200,      0.916,      7.245,      7.193,     13.832
 73363,  36.899471, -121.923020,     41.763,     -6.062,     40.385,     -0.394,     -0.508,      9.549,     52.621,     13.963,     50.099,      0.344,   1014.000,     11.453,      9.111,     85.415,    283.480,    303.720,    284.730,     12.700,      5.214,    289.370,      0.077,      7.265,      7.213,     13.852
 73364,  36.899925, -121.922870,     41.972,     -7.559,     40.403,     -0.412,     -0.780,      9.889,     52.695,     13.816,     50.093,      0.098,   1014.200,     11.380,      9.165,     86.142,    283.400,    303.690,    284.640,     12.632,      5.433,    290.200,      0.088,      7.291,      7.238,     13.976
 73365,  36.900375, -121.922710,     41.937,     -7.398,     40.253,     -0.784,     -0.173,      9.646,     53.007,     13.712,     50.138,     -0.032,   1014.100,     11.466,      9.078,     85.147,    283.490,    303.670,    284.720,     12.711,      5.440,    293.320,      0.072,      7.248,      7.195,     13.806
 73366,  36.900829, -121.922560,     41.898,     -7.919,     39.590,     -1.183,     -0.003,      9.734,     53.546,     13.719,     50.219,     -0.203,   1014.200,     11.517,      9.005,     84.435,    283.530,    303.620,    284.770,     12.756,      4.981,    299.970,      0.495,      7.211,      7.159,     13.870
 73367,  36.901279, -121.922400,     41.564,     -8.916,     38.874,     -1.090,      0.031,      9.753,     53.495,     13.727,     50.301,     -0.472,   1014.300,     11.416,      9.125,     85.705,    283.420,    303.660,    284.660,     12.665,      5.122,    297.880,     -0.218,      7.270,      7.218,     13.800
 73368,  36.901733, -121.922250,     40.928,    -10.505,     37.837,     -1.006,     -0.046,      9.575,     53.484,     13.710,     50.392,     -0.640,   1014.500,     11.382,      9.037,     85.383,    283.370,    303.490,    284.610,     12.623,      5.098,    296.770,      0.089,      7.225,      7.173,     13.841
 73369,  36.902187, -121.922100,     40.270,    -11.021,     36.666,     -0.831,     -0.091,      9.472,     53.496,     13.683,     50.489,     -0.417,   1014.600,     11.359,      8.941,     84.958,    283.340,    303.330,    284.570,     12.592,      5.009,    296.180,      0.099,      7.177,      7.125,     13.924
 73370,  36.902645, -121.921940,     40.084,    -12.323,     35.618,     -0.533,     -0.016,      9.642,     53.050,     13.629,     50.546,      0.088,   1014.700,     11.411,      8.919,     84.541,    283.380,    303.340,    284.610,     12.641,      5.157,    290.080,      0.639,      7.165,      7.114,     13.823
 73371,  36.903103, -121.921790,     40.340,    -12.008,     35.233,     -0.306,      0.251,      9.664,     53.352,     13.666,     50.487,      0.373,   1014.700,     11.527,      8.903,     83.795,    283.500,    303.450,    284.730,     12.756,      5.302,    293.710,      0.260,      7.157,      7.106,     13.869
 73372,  36.903557, -121.921630,     40.608,    -11.457,     35.037,     -0.092,     -0.076,      9.413,     53.687,     13.626,     50.400,      0.238,   1014.600,     11.450,      8.998,     84.777,    283.430,    303.500,    284.660,     12.687,      5.104,    299.250,     -0.258,      7.205,      7.153,     13.809
 73373,  36.904011, -121.921480,     40.776,    -11.512,     35.113,      0.171,      0.814,      9.595,     53.510,     13.639,     50.285,      0.310,   1014.600,     11.407,      8.959,     84.795,    283.390,    303.400,    284.620,     12.640,      4.742,    299.940,     -0.121,      7.185,      7.134,     13.788
 73374,  36.904465, -121.921330,     41.185,    -12.432,     34.840,      0.083,      1.020,      9.745,     53.142,     13.808,     50.146,      0.467,   1014.700,     11.531,      8.876,     83.614,    283.500,    303.410,    284.720,     12.759,      5.183,    295.310,      0.521,      7.143,      7.093,     13.788
