PACE_retrievals/PACE_PAX/Twin_Otter_data/AirSHARP-MetNav-1Hz_AirSHARP-TO_20250514_R0.ict
59, 1001
Bucholtz, Anthony
Naval Postgraduate School - CIRPAS
Meteorological and Navigational (MetNav) Facility Instrumentation on the NPS Twin Otter
AirSHARP
1, 1
2025, 05, 14,     2025, 05, 23
1.0
Time_Start, sec, seconds since midnight UTC
26
1., 1., 1., 1.,1.,1.,1.,1.,1.,1.,1.,1.,1.,1.,1.,1.,1.,1.,1.,1.,1.,1.,1.,1.,1.,1.           ; primary variable scale factors
-9999., -9999., -9999.,  -9999.,  -9999.,  -9999.,  -9999.,  -9999.,  -9999.,  -9999.,  -9999.,  -9999.,  -9999.,  -9999.,  -9999.,  -9999.,  -9999.,  -9999.,  -9999.,  -9999.,  -9999.,  -9999.,  -9999.,  -9999.,  -9999.,  -9999.        ; primary variable missing values
Latitude, deg, Platform_Latitude_InSitu_None
Longitude, deg, Platform_Longitude_InSitu_None
GPS_Altitude, m, Platform_AlitudeGeoid_InSitu_None, from CMIGITS nav system
Pressure_Altitude, m, Platform_AltitudePressure_InSitu_None
Radar_Altitude, m, Platform_AltitudeAGL_InSitu_None, only accurate below ~610 m
Pitch_Angle, deg +-180, Platform_PitchAngle_InSitu_None, nose up positive
Roll_Angle, deg +-180, Platform_RollAngle_InSitu_None, right wing down positive
True_Heading, deg 0-360, Platform_HeadingTrue_InSitu_None, cw from North
True_Air_Speed, m.s-1, Platform_AircraftTrueAirSpeed_InSitu_None
East_Vel_Aircraft, m.s-1, Platform_AircraftEastVelocity_InSitu_None, positive to the East, negative to the West
North_Vel_Aircraft, m.s-1, Platform_AircraftNorthVelocity_InSitu_None, positive to the North, negative to the South
Up_Vel_Aircraft, m.s-1, Platform_AircraftUpVelocity_InSitu_None, positive upward
Press_Ambient, mbar, Met_StaticPressure_InSitu_None
Temp_Ambient, degC, Met_StaticAirTemperature_InSitu_None
Temp_DewPoint, degC, Met_DewPoint_InSitu_None
Relative_Humidity_Ambient, per cent, Met_RelativeHumidityWater_InSitu_None
Potential_Temp,K, Met_PotentialTemperature_InSitu_None, Theta
Equivalent_Potential_Temp,K, Met_EquivalentPotentialTemperature_InSitu_None, Thetae
Virtual_Potential_Temp,K, Met_VirtualPotentialTemperature_InSitu_None
Virtual_Temp,degC, Met_VirtualTemperature_InSitu_None
Wind_Speed, m.s-1, Met_WindSpeed_InSitu_None
Wind_Direction, deg 0-360, Met_WindDirection_InSitu_None, cw from North
Vert_WindSpeed, m.s-1, Met_WWindSpeed_InSitu_None
H2OMR, g/kg, Met_H2OMR_InSitu_None, Water vapor mixing ratio
SPHum, g/kg, Met_SpecificHumidity_InSitu_None, Specific humidity
IRT_Nad, degC, Met_SurfaceTemperature_InSitu_AMB, Surface temperature from downlooking Heitronics KT-19
0
19
PI_CONTACT_INFO: phone: 831-384-2776 Address: 3200 Imjin Rd., Suite A, Marina, CA 93933, email: anthony.bucholtz@nps.edu
PLATFORM: NPS CIRPAS Twin Otter Aircraft
LOCATION: Included in data records
ASSOCIATED_DATA: N/A
INSTRUMENT_INFO: Meteorological and Navigational measurements from the NPS CIRPAS facility instruments
DATA_INFO:
UNCERTAINTY: Varies
ULOD_FLAG: -7777
ULOD_VALUE: N/A
LLOD_FLAG: -8888
LLOD_VALUE: N/A
DM_CONTACT_INFO: Same as PI above
PROJECT_INFO: AirSHARP experiment out of Marina, CA, Oct 2024
STIPULATIONS_ON_USE: Please consult with the PI prior to use of these data, and offer co-authorship for data products that are utilized in research.
OTHER_COMMENTS:
REVISION: R0
R0: QCed MetNav parameters.

Time_Start,  Latitude,  Longitude,  GPS_Altitude,  Pressure_Altitude,  Radar_Altitude,  Pitch_Angle,  Roll_Angle,  True_Heading,  True_Air_Speed,  East_Vel_Aircraft,  North_Vel_Aircraft,  Up_Vel_Aircraft,  Press_Ambient,  Temp_Ambient,  Temp_DewPoint,  Relative_Humidity_Ambient,  Potential_Temp,  Equivalent_Potential_Temp,  Virtual_Potential_Temp,  Virtual_Temp,  Wind_Speed,  Wind_Direction,  Vert_WindSpeed,  H2OMR,  SPHum,  IRT_Nad
[from data line 7501]
 74626,  36.725834, -121.871360,     47.337,     -0.207,     48.179,     -0.477,     -1.621,    208.560,     52.964,    -20.736,    -45.241,      0.271,   1013.300,     11.299,      8.976,     85.500,    283.390,    303.450,    284.620,     12.536,      4.739,    254.140,      0.212,      7.203,      7.152,     12.346
 74627,  36.725426, -121.871590,     47.485,     -0.429,     48.285,     -0.561,     -0.927,    208.940,     52.947,    -20.445,    -45.336,      0.052,   1013.300,     11.286,      8.909,     85.187,    283.370,    303.340,    284.600,     12.517,      5.216,    258.580,      0.269,      7.170,      7.119,     12.419
 74628,  36.725018, -121.871820,     47.473,     -1.475,     47.853,     -0.738,     -0.042,    209.420,     52.662,    -20.368,    -45.353,     -0.051,   1013.400,     11.289,      8.890,     85.063,    283.370,    303.310,    284.590,     12.518,      4.958,    260.050,      0.148,      7.160,      7.109,     12.321
 74629,  36.724609, -121.872050,     47.354,     -1.547,     47.378,     -0.919,     -0.375,    209.430,     52.389,    -20.359,    -45.370,     -0.315,   1013.400,     11.343,      8.888,     84.740,    283.420,    303.360,    284.640,     12.572,      4.645,    261.460,      0.308,      7.159,      7.108,     12.306
 74630,  36.724201, -121.872280,     47.093,     -0.660,     47.745,     -0.595,     -0.495,    209.410,     52.495,    -20.286,    -45.452,     -0.231,   1013.300,     11.340,      8.893,     84.790,    283.430,    303.380,    284.650,     12.570,      5.172,    264.770,     -0.039,      7.162,      7.111,     12.207
 74631,  36.723789, -121.872500,     47.184,     -0.023,     47.452,     -0.324,     -0.114,    209.110,     52.724,    -20.247,    -45.470,      0.320,   1013.300,     11.382,      8.911,     84.654,    283.470,    303.450,    284.700,     12.613,      5.444,    263.610,      0.209,      7.171,      7.120,     12.294
 74632,  36.723381, -121.872730,     47.815,     -0.603,     47.784,     -0.453,      0.011,    208.640,     52.869,    -20.176,    -45.481,      0.686,   1013.300,     11.319,      8.951,     85.249,    283.400,    303.430,    284.630,     12.553,      4.925,    256.880,      0.412,      7.191,      7.139,     12.347
 74633,  36.722973, -121.872960,     48.480,     -1.153,     47.997,     -0.553,      0.747,    209.260,     52.739,    -20.191,    -45.442,      0.701,   1013.400,     11.468,      8.965,     84.484,    283.550,    303.600,    284.780,     12.704,      5.035,    259.470,      0.763,      7.197,      7.146,     12.389
 74634,  36.722561, -121.873180,     49.124,     -0.697,     47.591,     -0.803,      1.450,    209.460,     53.153,    -20.336,    -45.361,      0.500,   1013.300,     11.305,      8.993,     85.574,    283.390,    303.470,    284.620,     12.543,      5.662,    259.310,      0.238,      7.212,      7.160,     12.239
 74635,  36.722153, -121.873410,     49.491,     -1.013,     46.779,     -0.819,      0.370,    209.810,     53.466,    -20.462,    -45.315,      0.190,   1013.400,     11.264,      8.966,     85.648,    283.350,    303.390,    284.580,     12.499,      6.429,    261.630,      0.554,      7.198,      7.146,     12.396
 74636,  36.721745, -121.873630,     49.716,     -2.543,     45.913,     -1.045,     -0.452,    210.240,     53.490,    -20.456,    -45.372,      0.085,   1013.600,     11.296,      8.907,     85.122,    283.360,    303.320,    284.590,     12.526,      6.449,    262.080,      0.695,      7.167,      7.116,     12.131
 74637,  36.721336, -121.873860,     49.792,     -2.609,     45.157,     -1.116,     -0.477,    210.150,     53.428,    -20.369,    -45.489,     -0.074,   1013.600,     11.301,      8.878,     84.923,    283.370,    303.290,    284.590,     12.529,      6.225,    261.850,      0.365,      7.153,      7.102,     12.239
 74638,  36.720924, -121.874090,     49.758,     -2.723,     44.917,     -0.858,     -0.107,    209.680,     53.387,    -20.377,    -45.570,     -0.039,   1013.600,     11.331,      8.843,     84.554,    283.400,    303.270,    284.620,     12.556,      5.977,    261.380,      0.100,      7.135,      7.085,     12.178
 74639,  36.720512, -121.874310,     49.801,     -2.435,     45.185,     -0.572,      0.166,    209.540,     53.636,    -20.359,    -45.627,     -0.019,   1013.500,     11.346,      8.820,     84.338,    283.410,    303.260,    284.630,     12.569,      6.322,    261.400,     -0.199,      7.125,      7.074,     12.204
 74640,  36.720100, -121.874540,     49.766,     -4.151,     45.155,     -0.409,     -0.188,    210.160,     53.092,    -20.328,    -45.620,     -0.002,   1013.700,     11.391,      8.851,     84.261,    283.440,    303.330,    284.660,     12.617,      6.088,    265.930,      0.052,      7.138,      7.088,     12.232
 74641,  36.719688, -121.874770,     49.775,     -3.865,     44.405,     -0.560,     -0.494,    210.380,     52.792,    -20.235,    -45.638,      0.073,   1013.700,     11.471,      8.893,     84.056,    283.520,    303.480,    284.750,     12.700,      6.211,    269.480,      0.026,      7.159,      7.108,     12.250
 74642,  36.719280, -121.874990,     49.790,     -3.686,     43.514,     -1.153,     -0.551,    209.930,     53.212,    -20.163,    -45.724,     -0.070,   1013.700,     11.323,      9.011,     85.574,    283.380,    303.480,    284.610,     12.562,      6.552,    267.490,      0.360,      7.218,      7.166,     12.181
 74643,  36.718864, -121.875220,     49.642,     -4.135,     43.869,     -1.628,      0.207,    209.560,     53.667,    -20.171,    -45.865,     -0.414,   1013.700,     11.340,      8.950,     85.117,    283.390,    303.410,    284.620,     12.574,      6.617,    264.460,      0.740,      7.187,      7.136,     12.196
 74644,  36.718452, -121.875450,     48.918,     -5.378,     43.800,     -1.462,      0.648,    209.420,     53.279,    -20.348,    -45.968,     -0.528,   1013.900,     11.373,      8.943,     84.888,    283.410,    303.420,    284.640,     12.606,      5.607,    264.220,      0.394,      7.182,      7.131,     12.189
 74645,  36.718040, -121.875690,     48.356,     -4.871,     43.827,     -1.129,      0.067,    209.130,     53.551,    -20.457,    -46.023,     -0.303,   1013.800,     11.408,      8.893,     84.406,    283.450,    303.400,    284.680,     12.638,      5.448,    260.670,      0.150,      7.158,      7.107,     12.134
 74646,  36.717625, -121.875920,     48.080,     -4.143,     43.070,     -0.751,     -0.480,    209.500,     53.648,    -20.377,    -46.116,     -0.014,   1013.700,     11.384,      8.902,     84.599,    283.430,    303.390,    284.660,     12.614,      6.212,    265.400,      0.048,      7.163,      7.112,     12.146
 74647,  36.717209, -121.876140,     48.096,     -3.991,     43.130,     -0.839,     -0.736,    209.770,     53.517,    -20.242,    -46.170,      0.115,   1013.700,     11.415,      8.909,     84.459,    283.470,    303.440,    284.690,     12.646,      6.433,    267.990,      0.355,      7.167,      7.116,     12.259
 74648,  36.716793, -121.876370,     47.979,     -3.837,     43.547,     -1.158,     -1.199,    209.320,     53.409,    -20.081,    -46.279,     -0.203,   1013.700,     11.376,      8.911,     84.691,    283.430,    303.400,    284.660,     12.607,      6.230,    268.200,      0.396,      7.168,      7.117,     12.273
 74649,  36.716377, -121.876590,     47.551,     -3.122,     43.156,     -1.170,      0.040,    208.990,     53.067,    -19.974,    -46.410,     -0.288,   1013.600,     11.447,      8.900,     84.232,    283.510,    303.470,    284.730,     12.677,      5.983,    271.310,      0.719,      7.163,      7.112,     12.222
 74650,  36.715958, -121.876820,     47.279,     -1.540,     44.025,     -1.139,      0.368,    209.450,     53.597,    -20.044,    -46.451,     -0.079,   1013.400,     11.362,      8.947,     84.978,    283.440,    303.460,    284.670,     12.596,      6.932,    271.160,      0.110,      7.188,      7.136,     12.200
 74651,  36.715542, -121.877040,     47.153,     -1.324,     45.101,     -0.914,      0.288,    209.700,     53.536,    -20.147,    -46.425,     -0.167,   1013.400,     11.382,      8.972,     85.009,    283.460,    303.520,    284.690,     12.619,      6.940,    272.030,     -0.004,      7.200,      7.149,     12.094
 74652,  36.715122, -121.877270,     47.005,     -2.128,     45.608,     -0.614,      0.384,    209.540,     53.468,    -20.209,    -46.392,     -0.042,   1013.500,     11.405,      8.951,     84.759,    283.480,    303.510,    284.710,     12.640,      6.406,    270.140,     -0.064,      7.189,      7.138,     12.097
 74653,  36.714703, -121.877490,     47.138,     -2.540,     45.735,     -0.584,     -0.117,    209.430,     53.422,    -20.229,    -46.359,      0.266,   1013.600,     11.446,      8.962,     84.592,    283.510,    303.560,    284.740,     12.681,      5.980,    268.150,      0.052,      7.194,      7.143,     12.100
 74654,  36.714283, -121.877720,     47.404,     -2.743,     45.527,     -0.365,      0.562,    209.580,     53.379,    -20.169,    -46.324,      0.248,   1013.600,     11.457,      8.982,     84.640,    283.520,    303.590,    284.750,     12.695,      6.336,    269.940,     -0.022,      7.204,      7.152,     11.980
 74655,  36.713867, -121.877940,     47.643,     -3.826,     45.048,     -0.145,      1.035,    209.770,     53.065,    -20.213,    -46.202,      0.387,   1013.700,     11.425,      8.937,     84.563,    283.480,    303.490,    284.710,     12.658,      5.869,    269.870,      0.434,      7.181,      7.129,     12.050
 74656,  36.713451, -121.878170,     48.103,     -3.117,     44.885,     -0.214,      0.932,    209.880,     53.211,    -20.388,    -46.012,      0.641,   1013.600,     11.463,      9.000,     84.708,    283.520,    303.620,    284.760,     12.702,      6.267,    269.610,      0.778,      7.213,      7.161,     12.065
 74657,  36.713036, -121.878400,     48.569,     -1.175,     45.737,     -0.266,      0.063,    209.760,     53.387,    -20.393,    -45.924,      0.429,   1013.400,     11.501,      9.074,     84.927,    283.580,    303.780,    284.820,     12.746,      6.745,    269.390,      0.061,      7.251,      7.199,     11.980
 74658,  36.712624, -121.878630,     49.007,     -2.055,     46.304,     -0.309,      0.091,    210.010,     53.361,    -20.396,    -45.857,      0.527,   1013.500,     11.556,      9.174,     85.187,    283.630,    303.970,    284.880,     12.810,      6.249,    266.470,      0.224,      7.300,      7.247,     12.105
 74659,  36.712212, -121.878860,     49.418,      0.228,     46.924,     -0.337,     -0.989,    209.760,     53.347,    -20.304,    -45.823,      0.338,   1013.200,     11.394,      9.192,     86.220,    283.490,    303.840,    284.740,     12.649,      6.787,    268.880,     -0.121,      7.311,      7.258,     12.124
 74660,  36.711800, -121.879080,     49.728,     -0.636,     47.455,     -0.174,     -2.203,    209.740,     53.040,    -19.996,    -45.897,      0.381,   1013.300,     11.513,      9.215,     85.674,    283.600,    303.990,    284.850,     12.770,      6.537,    269.710,      0.134,      7.322,      7.269,     11.931
 74661,  36.711384, -121.879300,     50.172,     -0.667,     47.111,     -0.160,     -3.314,    209.720,     53.325,    -19.595,    -46.010,      0.312,   1013.300,     11.427,      9.199,     86.071,    283.510,    303.880,    284.760,     12.683,      6.811,    267.310,     -0.175,      7.314,      7.261,     12.073
 74662,  36.710968, -121.879520,     50.640,     -1.073,     47.034,     -0.292,     -5.698,    209.010,     53.196,    -18.924,    -46.307,      0.271,   1013.400,     11.497,      9.160,     85.445,    283.580,    303.900,    284.830,     12.750,      6.801,    267.850,      0.124,      7.294,      7.242,     11.978
 74663,  36.710548, -121.879720,     50.736,     -0.415,     46.990,     -0.451,     -8.537,    207.550,     52.831,    -17.902,    -46.812,      0.017,   1013.300,     11.435,      9.233,     86.225,    283.520,    303.930,    284.780,     12.693,      6.961,    271.520,     -0.027,      7.331,      7.278,     11.960
 74664,  36.710121, -121.879920,     50.740,     -0.399,     47.395,     -0.730,    -11.728,    205.770,     53.170,    -16.407,    -47.587,     -0.019,   1013.300,     11.344,      9.234,     86.752,    283.430,    303.840,    284.690,     12.603,      7.202,    269.620,      0.040,      7.332,      7.279,     12.119
 74665,  36.709690, -121.880090,     50.580,     -1.139,     47.225,     -1.060,    -14.004,    203.510,     53.084,    -14.496,    -48.535,     -0.417,   1013.400,     11.388,      9.096,     85.696,    283.470,    303.690,    284.710,     12.635,      6.804,    269.410,      0.314,      7.262,      7.210,     12.054
 74666,  36.709248, -121.880240,     50.204,     -1.230,     47.379,     -0.202,    -15.383,    200.160,     52.776,    -12.120,    -49.546,     -0.268,   1013.400,     11.490,      9.087,     85.058,    283.570,    303.790,    284.810,     12.737,      6.008,    269.910,     -0.394,      7.258,      7.205,     11.988
 74667,  36.708794, -121.880360,     50.293,     -0.619,     47.252,     -0.332,    -17.798,    197.040,     53.033,     -9.269,    -50.464,      0.094,   1013.300,     11.436,      9.127,     85.596,    283.520,    303.790,    284.770,     12.686,      6.390,    268.240,     -0.338,      7.278,      7.225,     12.052
 74668,  36.708336, -121.880440,     50.429,     -1.501,     46.399,     -0.294,    -18.742,    193.440,     53.038,     -6.129,    -51.317,      0.018,   1013.400,     11.465,      9.149,     85.561,    283.540,    303.840,    284.790,     12.717,      6.177,    267.550,     -0.338,      7.288,      7.236,     11.989
 74669,  36.707870, -121.880490,     50.473,     -1.925,     45.438,     -0.576,    -18.680,    189.500,     53.411,     -2.880,    -51.951,     -0.014,   1013.500,     11.509,      9.172,     85.444,    283.580,    303.910,    284.830,     12.763,      6.229,    263.810,      0.084,      7.299,      7.246,     12.013
 74670,  36.707397, -121.880510,     50.147,     -1.553,     44.408,     -0.789,    -18.964,    185.600,     53.857,      0.281,    -52.391,     -0.397,   1013.400,     11.391,      9.286,     86.789,    283.470,    303.940,    284.730,     12.654,      6.392,    259.900,     -0.387,      7.357,      7.303,     12.007
 74671,  36.706924, -121.880490,     49.741,     -2.788,     44.797,     -0.477,    -19.484,    181.990,     53.618,      3.763,    -52.659,     -0.411,   1013.600,     11.416,      9.193,     86.097,    283.480,    303.830,    284.730,     12.671,      5.852,    261.110,     -0.440,      7.309,      7.256,     11.965
 74672,  36.706448, -121.880420,     49.575,     -2.901,     45.295,      0.060,    -19.328,    178.240,     53.689,      7.312,    -52.655,     -0.091,   1013.600,     11.427,      9.144,     85.748,    283.490,    303.770,    284.740,     12.678,      5.633,    259.900,     -0.831,      7.284,      7.232,     11.976
 74673,  36.705975, -121.880330,     49.863,     -1.944,     45.272,      0.065,    -20.372,    174.440,     53.569,     10.987,    -52.358,      0.288,   1013.500,     11.400,      9.123,     85.786,    283.470,    303.730,    284.720,     12.649,      6.207,    260.960,     -0.571,      7.275,      7.223,     12.082
 74674,  36.705505, -121.880180,     50.258,     -3.327,     44.211,      0.032,    -20.423,    170.630,     53.682,     14.598,    -51.829,      0.254,   1013.700,     11.470,      9.124,     85.388,    283.530,    303.790,    284.770,     12.719,      6.218,    259.240,     -0.192,      7.274,      7.222,     11.996
