PACE_retrievals/PACE_PAX/Twin_Otter_data/AirSHARP-MetNav-1Hz_AirSHARP-TO_20250514_R0.ict
59, 1001
Bucholtz, Anthony
Naval Postgraduate School - CIRPAS
Meteorological and Navigational (MetNav) Facility Instrumentation on the NPS Twin Otter
AirSHARP
1, 1
2025, 05, 14,     2025, 05, 23
1.0
Time_Start, sec, seconds since midnight UTC
26
1., 1., 1., 1.,1.,1.,1.,1.,1.,1.,1.,1.,1.,1.,1.,1.,1.,1.,1.,1.,1.,1.,1.,1.,1.,1.           ; primary variable scale factors
-9999., -9999., -9999.,  -9999.,  -9999.,  -9999.,  -9999.,  -9999.,  -9999.,  -9999.,  -9999.,  -9999.,  -9999.,  -9999.,  -9999.,  -9999.,  -9999.,  -9999.,  -9999.,  -9999.,  -9999.,  -9999.,  -9999.,  -9999.,  -9999.,  -9999.        ; primary variable missing values
Latitude, deg, Platform_Latitude_InSitu_None
Longitude, deg, Platform_Longitude_InSitu_None
GPS_Altitude, m, Platform_AlitudeGeoid_InSitu_None, from CMIGITS nav system
Pressure_Altitude, m, Platform_AltitudePressure_InSitu_None
Radar_Altitude, m, Platform_AltitudeAGL_InSitu_None, only accurate below ~610 m
Pitch_Angle, deg +-180, Platform_PitchAngle_InSitu_None, nose up positive
Roll_Angle, deg +-180, Platform_RollAngle_InSitu_None, right wing down positive
True_Heading, deg 0-360, Platform_HeadingTrue_InSitu_None, cw from North
True_Air_Speed, m.s-1, Platform_AircraftTrueAirSpeed_InSitu_None
East_Vel_Aircraft, m.s-1, Platform_AircraftEastVelocity_InSitu_None, positive to the East, negative to the West
North_Vel_Aircraft, m.s-1, Platform_AircraftNorthVelocity_InSitu_None, positive to the North, negative to the South
Up_Vel_Aircraft, m.s-1, Platform_AircraftUpVelocity_InSitu_None, positive upward
Press_Ambient, mbar, Met_StaticPressure_InSitu_None
Temp_Ambient, degC, Met_StaticAirTemperature_InSitu_None
Temp_DewPoint, degC, Met_DewPoint_InSitu_None
Relative_Humidity_Ambient, per cent, Met_RelativeHumidityWater_InSitu_None
Potential_Temp,K, Met_PotentialTemperature_InSitu_None, Theta
Equivalent_Potential_Temp,K, Met_EquivalentPotentialTemperature_InSitu_None, Thetae
Virtual_Potential_Temp,K, Met_VirtualPotentialTemperature_InSitu_None
Virtual_Temp,degC, Met_VirtualTemperature_InSitu_None
Wind_Speed, m.s-1, Met_WindSpeed_InSitu_None
Wind_Direction, deg 0-360, Met_WindDirection_InSitu_None, cw from North
Vert_WindSpeed, m.s-1, Met_WWindSpeed_InSitu_None
H2OMR, g/kg, Met_H2OMR_InSitu_None, Water vapor mixing ratio
SPHum, g/kg, Met_SpecificHumidity_InSitu_None, Specific humidity
IRT_Nad, degC, Met_SurfaceTemperature_InSitu_AMB, Surface temperature from downlooking Heitronics KT-19
0
19
PI_CONTACT_INFO: phone: 831-384-2776 Address: 3200 Imjin Rd., Suite A, Marina, CA 93933, email: anthony.bucholtz@nps.edu
PLATFORM: NPS CIRPAS Twin Otter Aircraft
LOCATION: Included in data records
ASSOCIATED_DATA: N/A
INSTRUMENT_INFO: Meteorological and Navigational measurements from the NPS CIRPAS facility instruments
DATA_INFO:
UNCERTAINTY: Varies
ULOD_FLAG: -7777
ULOD_VALUE: N/A
LLOD_FLAG: -8888
LLOD_VALUE: N/A
DM_CONTACT_INFO: Same as PI above
PROJECT_INFO: AirSHARP experiment out of Marina, CA, Oct 2024
STIPULATIONS_ON_USE: Please consult with the PI prior to use of these data, and offer co-authorship for data products that are utilized in research.
OTHER_COMMENTS:
REVISION: R0
R0: QCed MetNav parameters.

Time_Start,  Latitude,  Longitude,  GPS_Altitude,  Pressure_Altitude,  Radar_Altitude,  Pitch_Angle,  Roll_Angle,  True_Heading,  True_Air_Speed,  East_Vel_Aircraft,  North_Vel_Aircraft,  Up_Vel_Aircraft,  Press_Ambient,  Temp_Ambient,  Temp_DewPoint,  Relative_Humidity_Ambient,  Potential_Temp,  Equivalent_Potential_Temp,  Virtual_Potential_Temp,  Virtual_Temp,  Wind_Speed,  Wind_Direction,  Vert_WindSpeed,  H2OMR,  SPHum,  IRT_Nad
[from data line 11101]
 78226,  36.685730, -121.720100,    238.770,    226.820,    270.590,      0.546,     18.405,    167.630,     54.594,     17.934,    -48.706,      1.860,    986.260,     10.506,      8.756,     88.829,    284.790,    305.220,    286.040,     11.754,      7.062,    231.590,      4.568,      7.292,      7.239,     20.607
 78227,  36.685287, -121.719920,    240.350,    224.480,    269.640,      1.838,     23.221,    171.140,     54.381,     14.554,    -49.474,      1.776,    986.530,     10.554,      8.866,     89.213,    284.820,    305.390,    286.080,     11.811,      6.792,    232.750,      2.900,      7.345,      7.291,     22.160
 78228,  36.684837, -121.719780,    241.950,    221.480,    270.930,      2.559,     26.686,    175.440,     54.264,     10.155,    -50.024,      1.707,    986.890,     10.547,      8.929,     89.639,    284.780,    305.430,    286.050,     11.809,      6.178,    230.280,      2.301,      7.374,      7.321,     31.434
 78229,  36.684387, -121.719690,    243.400,    217.940,    264.180,      2.013,     27.569,    180.820,     53.908,      5.565,    -50.202,      1.332,    987.310,     10.515,      8.934,     89.856,    284.710,    305.350,    285.980,     11.777,      5.959,    231.630,      2.100,      7.373,      7.319,     26.440
 78230,  36.683933, -121.719650,    244.270,    214.980,    260.330,      1.755,     27.434,    186.090,     53.575,      0.998,    -50.028,      0.656,    987.650,     10.695,      8.959,     88.934,    284.860,    305.540,    286.130,     11.959,      6.047,    236.510,      2.628,      7.383,      7.329,     20.997
 78231,  36.683487, -121.719670,    244.500,    212.040,    256.080,      1.851,     25.957,    190.480,     53.285,     -3.549,    -49.500,      0.235,    988.000,     10.656,      8.996,     89.385,    284.800,    305.510,    286.070,     11.923,      5.937,    238.950,      0.954,      7.400,      7.345,     21.057
 78232,  36.683044, -121.719730,    244.350,    208.430,    257.440,      1.586,     22.443,    194.860,     53.766,     -7.410,    -48.735,     -0.099,    988.430,     10.771,      8.871,     87.952,    284.880,    305.420,    286.140,     12.027,      6.567,    238.910,      1.555,      7.333,      7.280,     30.312
 78233,  36.682606, -121.719830,    243.970,    203.730,    255.200,      0.327,     20.604,    199.260,     53.426,    -10.807,    -47.829,     -0.394,    988.980,     10.828,      8.738,     86.828,    284.890,    305.250,    286.140,     12.072,      6.014,    239.590,      2.582,      7.263,      7.210,     33.117
 78234,  36.682178, -121.719960,    243.130,    200.840,    250.880,     -0.614,     19.338,    202.520,     52.851,    -13.780,    -46.973,     -1.098,    989.320,     10.945,      8.862,     86.884,    284.980,    305.500,    286.240,     12.200,      5.686,    247.670,      2.704,      7.322,      7.269,     33.428
 78235,  36.681759, -121.720130,    241.580,    198.470,    246.270,     -0.705,     17.170,    205.670,     52.356,    -16.421,    -46.147,     -1.603,    989.600,     10.913,      8.956,     87.622,    284.920,    305.560,    286.190,     12.176,      5.689,    256.990,      1.159,      7.367,      7.314,     32.719
 78236,  36.681347, -121.720330,    239.880,    196.740,    241.910,     -0.697,     17.421,    210.230,     51.427,    -19.013,    -45.127,     -1.401,    989.800,     11.013,      8.881,     86.596,    285.010,    305.550,    286.270,     12.269,      6.556,    274.750,      0.842,      7.328,      7.275,     30.147
 78237,  36.680946, -121.720570,    238.920,    197.220,    240.490,     -0.518,     16.112,    213.880,     50.425,    -21.853,    -43.712,     -0.278,    989.750,     11.045,      8.938,     86.748,    285.040,    305.670,    286.310,     12.307,      7.562,    289.410,      1.590,      7.357,      7.304,     30.001
 78238,  36.680557, -121.720830,    239.230,    196.340,    240.400,     -0.852,     12.665,    215.650,     50.655,    -24.104,    -42.641,      0.709,    989.850,     11.118,      9.001,     86.699,    285.110,    305.820,    286.380,     12.385,      6.236,    287.930,      2.728,      7.389,      7.335,     29.757
 78239,  36.680172, -121.721110,    240.280,    197.170,    244.860,     -1.634,      8.738,    217.950,     50.247,    -25.633,    -42.054,      0.980,    989.750,     11.072,      8.937,     86.584,    285.070,    305.700,    286.340,     12.333,      6.699,    297.220,      3.493,      7.357,      7.303,     30.827
 78240,  36.679794, -121.721400,    240.820,    197.710,    246.730,     -1.277,      8.503,    219.960,     49.664,    -26.746,    -41.661,      0.354,    989.690,     11.185,      8.773,     84.979,    285.190,    305.610,    286.440,     12.433,      6.825,    305.770,      2.234,      7.275,      7.222,     32.701
 78241,  36.679420, -121.721710,    240.790,    198.360,    246.850,     -0.373,      7.955,    221.380,     49.452,    -27.886,    -41.044,      0.369,    989.610,     11.101,      8.860,     85.964,    285.110,    305.640,    286.370,     12.357,      6.611,    309.540,      0.645,      7.319,      7.266,     33.012
 78242,  36.679054, -121.722030,    241.700,    198.320,    257.940,     -0.198,      6.965,    222.590,     48.651,    -28.929,    -40.440,      1.391,    989.620,     11.219,      8.810,     84.998,    285.230,    305.700,    286.480,     12.471,      6.953,    318.640,      2.772,      7.294,      7.241,     33.329
 78243,  36.678692, -121.722370,    243.130,    198.020,    271.990,     -0.381,      6.551,    223.490,     48.594,    -29.820,    -40.022,      1.051,    989.650,     11.255,      8.837,     84.952,    285.260,    305.770,    286.520,     12.509,      7.131,    321.860,      3.287,      7.307,      7.254,     32.431
 78244,  36.678333, -121.722710,    244.060,    197.650,    271.920,     -0.047,      6.378,    223.960,     48.739,    -30.645,    -39.474,      0.621,    989.700,     11.290,      9.039,     85.926,    285.290,    306.080,    286.570,     12.561,      6.870,    323.340,      2.423,      7.409,      7.354,     31.116
 78245,  36.677982, -121.723060,    244.380,    196.200,    271.430,     -0.527,      4.719,    223.370,     49.362,    -31.304,    -39.146,      0.132,    989.870,     11.322,      9.081,     85.986,    285.310,    306.150,    286.590,     12.597,      4.736,    321.320,      2.043,      7.429,      7.374,     34.605
 78246,  36.677628, -121.723410,    244.420,    196.670,    266.140,     -0.779,      5.312,    224.250,     48.723,    -31.900,    -39.001,      0.045,    989.810,     11.213,      9.092,     86.680,    285.210,    306.060,    286.490,     12.489,      5.380,    330.930,      1.651,      7.435,      7.380,     34.579
 78247,  36.677280, -121.723780,    244.430,    196.330,    264.840,     -1.038,      4.993,    225.830,     49.555,    -32.653,    -38.539,     -0.175,    989.850,     11.081,      9.008,     86.946,    285.070,    305.790,    286.340,     12.349,      5.535,    323.700,      0.817,      7.392,      7.338,     31.860
 78248,  36.676933, -121.724140,    243.920,    195.470,    260.200,     -2.203,      2.604,    226.230,     50.067,    -33.032,    -38.329,     -0.940,    989.960,     11.151,      8.925,     86.060,    285.130,    305.740,    286.400,     12.411,      5.933,    320.250,      2.158,      7.349,      7.295,     30.072
 78249,  36.676590, -121.724510,    242.890,    194.460,    256.680,     -1.286,      1.027,    226.520,     49.732,    -33.167,    -38.410,     -1.070,    990.070,     11.225,      8.917,     85.587,    285.200,    305.800,    286.460,     12.485,      5.683,    324.840,      1.108,      7.344,      7.291,     29.386
 78250,  36.676243, -121.724880,    242.020,    195.420,    258.070,     -0.457,      0.004,    227.280,     50.610,    -33.042,    -38.447,     -0.666,    989.960,     11.342,      8.964,     85.191,    285.320,    306.010,    286.590,     12.607,      7.988,    316.020,      0.931,      7.369,      7.315,     28.782
 78251,  36.675896, -121.725250,    241.740,    195.130,    256.880,     -0.649,      0.362,    227.320,     50.883,    -32.894,    -38.502,      0.011,    990.000,     11.478,      9.104,     85.224,    285.460,    306.340,    286.740,     12.756,      7.847,    313.370,      2.192,      7.440,      7.385,     32.368
 78252,  36.675549, -121.725620,    242.100,    195.160,    250.020,     -1.311,      1.365,    227.240,     51.070,    -32.922,    -38.373,      0.352,    989.990,     11.525,      9.198,     85.507,    285.510,    306.530,    286.790,     12.811,      6.513,    310.360,      1.827,      7.488,      7.433,     31.513
 78253,  36.675205, -121.725990,    242.150,    196.990,    249.460,     -1.864,      1.240,    226.850,     50.245,    -33.006,    -38.291,     -0.427,    989.780,     11.380,      9.246,     86.621,    285.380,    306.460,    286.670,     12.669,      5.736,    317.780,      1.749,      7.515,      7.459,     33.744
 78254,  36.674862, -121.726360,    241.700,    199.790,    253.240,     -1.572,      1.443,    227.080,     50.672,    -33.008,    -38.108,     -0.502,    989.450,     11.325,      9.182,     86.557,    285.350,    306.340,    286.640,     12.610,      6.890,    313.130,      1.651,      7.484,      7.428,     31.561
 78255,  36.674519, -121.726730,    241.330,    201.770,    267.310,     -1.408,      2.334,    227.060,     50.494,    -33.126,    -37.809,     -0.440,    989.210,     11.302,      9.170,     86.623,    285.350,    306.330,    286.630,     12.586,      6.731,    313.490,      1.510,      7.480,      7.424,     31.155
 78256,  36.674179, -121.727100,    241.120,    202.160,    270.000,     -0.738,      2.190,    226.950,     50.421,    -33.143,    -37.449,     -0.173,    989.160,     11.242,      9.175,     87.001,    285.290,    306.270,    286.580,     12.526,      5.582,    310.520,      0.749,      7.483,      7.427,     31.201
 78257,  36.673843, -121.727470,    241.260,    203.360,    272.930,     -0.580,      3.139,    228.070,     50.551,    -33.152,    -36.946,      0.059,    989.020,     11.170,      9.143,     87.230,    285.230,    306.170,    286.510,     12.451,      6.472,    307.770,      1.409,      7.468,      7.412,     30.118
 78258,  36.673512, -121.727840,    241.690,    204.020,    271.040,     -0.116,      4.598,    228.410,     50.760,    -33.349,    -36.196,      0.563,    988.950,     11.112,      8.984,     86.627,    285.180,    305.890,    286.450,     12.379,      6.798,    303.360,      1.152,      7.387,      7.332,     29.245
 78259,  36.673187, -121.728210,    242.800,    203.350,    268.430,      0.234,      2.690,    228.110,     51.652,    -33.428,    -35.296,      1.099,    989.020,     11.105,      8.809,     85.641,    285.160,    305.640,    286.420,     12.357,      6.081,    286.100,      1.152,      7.298,      7.245,     25.911
 78260,  36.672871, -121.728580,    243.990,    202.920,    266.310,     -1.306,     -0.453,    228.380,     52.137,    -33.059,    -34.920,      0.713,    989.080,     11.100,      8.733,     85.228,    285.150,    305.520,    286.400,     12.345,      6.604,    278.740,      1.195,      7.259,      7.207,     24.860
 78261,  36.672558, -121.728940,    244.170,    203.610,    264.470,     -1.468,      0.309,    228.240,     52.852,    -32.741,    -34.903,      0.017,    988.990,     11.085,      8.664,     84.912,    285.150,    305.430,    286.390,     12.325,      8.195,    279.490,      0.763,      7.225,      7.173,     30.320
 78262,  36.672245, -121.729310,    244.050,    201.060,    259.350,     -0.986,      3.020,    227.190,     53.583,    -32.668,    -34.622,      0.002,    989.300,     11.111,      8.719,     85.085,    285.150,    305.500,    286.400,     12.355,      7.960,    267.400,      0.749,      7.251,      7.198,     32.880
 78263,  36.671932, -121.729680,    244.190,    198.110,    256.410,     -1.379,      4.619,    227.460,     53.812,    -32.844,    -34.132,      0.181,    989.640,     11.184,      8.845,     85.401,    285.190,    305.710,    286.450,     12.438,      7.471,    257.200,      2.065,      7.311,      7.258,     27.513
 78264,  36.671627, -121.730040,    244.340,    199.790,    253.650,     -2.639,      5.736,    229.890,     54.273,    -33.158,    -33.712,     -0.183,    989.440,     11.179,      9.027,     86.494,    285.200,    305.970,    286.480,     12.449,      9.503,    271.460,      2.689,      7.405,      7.350,     25.661
 78265,  36.671326, -121.730420,    244.170,    200.810,    250.190,     -2.924,     10.924,    232.680,     54.913,    -33.940,    -32.858,     -0.393,    989.330,     11.253,      9.073,     86.337,    285.290,    306.130,    286.570,     12.528,     10.907,    276.360,      2.224,      7.429,      7.375,     26.160
 78266,  36.671036, -121.730800,    243.240,    200.810,    242.850,     -2.944,     14.075,    235.100,     54.611,    -35.187,    -31.305,     -1.129,    989.330,     11.285,      9.148,     86.597,    285.320,    306.270,    286.600,     12.567,     10.308,    275.920,      0.481,      7.468,      7.412,     25.393
 78267,  36.670761, -121.731200,    241.770,    201.180,    238.110,     -2.840,     17.355,    237.390,     55.549,    -36.708,    -29.216,     -1.424,    989.280,     10.981,      9.148,     88.373,    285.020,    305.940,    286.300,     12.262,     10.713,    271.860,      0.477,      7.468,      7.413,     25.571
 78268,  36.670509, -121.731620,    240.040,    200.430,    236.600,     -2.742,     19.502,    239.480,     55.553,    -38.385,    -26.651,     -1.779,    989.370,     10.995,      9.068,     87.806,    285.030,    305.830,    286.300,     12.268,      9.875,    265.490,      0.878,      7.426,      7.371,     23.064
 78269,  36.670284, -121.732060,    237.810,    203.520,    237.460,     -2.236,     20.056,    243.170,     55.856,    -39.864,    -23.899,     -2.563,    989.000,     10.961,      9.038,     87.829,    285.020,    305.790,    286.300,     12.232,     10.590,    269.900,     -1.591,      7.414,      7.359,     27.471
 78270,  36.670082, -121.732510,    234.930,    203.040,    240.250,     -1.738,     19.423,    247.150,     55.675,    -41.096,    -20.866,     -2.877,    989.060,     10.991,      9.013,     87.508,    285.050,    305.790,    286.320,     12.259,     10.528,    270.000,     -2.516,      7.401,      7.346,     35.643
 78271,  36.669907, -121.732980,    231.850,    204.970,    238.400,     -2.228,     17.329,    249.380,     55.643,    -42.157,    -18.116,     -2.994,    988.830,     11.079,      8.954,     86.642,    285.150,    305.830,    286.420,     12.343,     10.347,    268.590,     -1.945,      7.372,      7.318,     34.707
 78272,  36.669754, -121.733450,    228.790,    205.610,    239.800,     -3.055,     16.261,    252.720,     55.883,    -43.065,    -15.695,     -2.960,    988.760,     10.983,      8.958,     87.229,    285.060,    305.740,    286.330,     12.247,     10.807,    275.100,     -0.522,      7.375,      7.321,     29.797
 78273,  36.669624, -121.733940,    225.900,    204.130,    241.810,     -3.859,     15.647,    256.890,     55.682,    -43.907,    -13.322,     -2.795,    988.930,     11.038,      8.902,     86.580,    285.100,    305.700,    286.370,     12.297,     10.558,    278.420,     -0.358,      7.345,      7.292,     32.142
 78274,  36.669514, -121.734440,    223.160,    203.900,    242.040,     -4.529,     16.685,    260.280,     55.981,    -44.735,    -10.733,     -2.627,    988.960,     10.976,      8.862,     86.693,    285.040,    305.580,    286.300,     12.232,     10.840,    283.410,      0.304,      7.325,      7.271,     31.867
